0 -4.756772745910339
1 6.889533541096673
2 8.996896092374172
3 -1.7461017125141964
4 1.0304402925205614
5 4.635768431188638
6 5.177225916739488
7 15.964690203916664
8 -12.021098174294892
9 -18.10087879725122
10 -25.178886598285644
11 4.518925348029733
12 9.043916771177502
13 -0.5221535906039717
14 -3.1338886609447583
15 -6.914714941474996
16 -6.314263548047582
17 6.706901891085466
18 -25.971636440421232
19 -4.435372425747847
20 0.4889050161324564
21 -0.036004810755168606
22 -4.372545660650671
23 0.4047031759550273
24 3.090597990424291
25 19.306526596830842
26 6.48611581937894
27 -10.781128554191731
28 -12.85791882558559
29 -1.0278401126239605
30 -30.58842788782183
31 -6.517109634143572
32 -7.489210194855196
33 -11.105721713012358
34 4.120721916704712
35 -3.153239578756935
36 1.4135041696471733
37 22.583374665055885
38 -12.27556599640208
39 -4.793102896606837
40 -7.128537547009972
41 -17.279019221677267
42 19.655635821341445
43 -1.2745066768475497
44 3.738058165511088
45 10.481959096601695
46 -12.814187304346124
47 -22.424530149878166
48 4.137834007998959
49 -0.04131996932026964
50 7.375298054261892
51 -4.098385522108854
52 -5.599571617055626
53 -13.253443154026934
54 16.290743431455287
55 10.424184766192798
56 -4.27251751782754
57 19.01684691299122
58 3.15448738602801
59 -9.704807918052413
60 -0.0008101176931862717
61 6.104424953162043
62 24.47811290783359
63 14.846618329919092
64 -2.186378655814549
65 9.86177633783792
66 12.724976950604734
67 4.037245731028271
68 -0.656843975486256
69 15.37262575716834
70 -7.880872346846276
71 2.54070374695715
72 -1.022544832116583
73 20.91034858050119
74 9.222541985448974
75 -11.056628565277206
76 27.93950830400997
77 -6.032857683782997
78 18.098345716611153
79 38.59487842850004
80 -0.8720942826849941
81 1.7229720788142675
82 -4.174088180887814
83 -8.318962830280652
84 14.512558782294388
85 5.630837289759344
86 13.097667005419458
87 9.517210836578036
88 -3.2730322970019206
89 14.22975371499751
90 -12.903078745763068
91 10.69546941555894
92 -6.12535752853502
93 -0.0538615350527278
94 8.344238543768178
95 12.569544805707704
96 -1.5730683048208713
97 9.588349649640545
98 -17.791062662128468
99 -4.613995471504272
